year,cases,male,female
2005,1455,425,1030
2006,1423,289,1134
2007,1417,345,1072
2008,802,162,640
2009,587,76,511
2010,943,465,478
2011,1340,542,798
2012,1367,664,703
2013,1832,908,924
2014,3000,1070,1930
2015,4276,1720,2556
2016,16399,4396,12003
2017,6508,1241,5267
2018,5818,949,4869
